
%% DD_OIL
P_i = 3394.81;
phi = 0.099;
C = 14.4E-06;
API=25;
r_w = 0.48;
q = 75; 
h = 11;
Temp=180; %ºF
%% PBU_OIL
P_i = 3394.81;
phi = 0.099;
C = 14.4E-06;
API=25;
r_w = 0.48;
q = 75; 
h = 11;
tp=279;%horas
Temp=180; %ºF
%% PBU_GAS
P_i = 2528.84;
phi = 0.106;
C = 4E-06;
q = 8000;%KPCN/D
API=59.46;
r_w = 0.46;
h = 10; 
tp=72;%horas
Temp=108.9;%°F